KEIO_KAN	3ce403af-2aca-44f3-9748-79313c43c221	97.942	1312	10	13	1	1302	138	1442	0.0	2257
KEIO_KAN	3ce403af-2aca-44f3-9748-79313c43c221	100.000	35	0	0	20	54	1381	1415	1.47e-09	65.8
KEIO_KAN	21b81cbc-dc09-4139-8e83-264c3ca76c40	97.712	1311	14	14	1	1302	1745	3048	0.0	2241
KEIO_KAN	21b81cbc-dc09-4139-8e83-264c3ca76c40	93.333	45	1	2	1234	1276	1755	1799	1.47e-09	65.8
KEIO_KAN	21b81cbc-dc09-4139-8e83-264c3ca76c40	93.333	45	1	2	11	54	2979	3022	1.47e-09	65.8
KEIO_KAN	1115356b-2d63-4551-97cc-ec6a5515d36e	97.489	1314	11	17	1	1303	5257	3955	0.0	2224
KEIO_KAN	1115356b-2d63-4551-97cc-ec6a5515d36e	100.000	35	0	0	20	54	4016	3982	1.47e-09	65.8
KEIO_KAN	2aba3c2f-4bb1-4451-93df-c01dff86bb3c	97.250	1309	16	15	1	1303	11950	13244	0.0	2200
KEIO_KAN	2aba3c2f-4bb1-4451-93df-c01dff86bb3c	95.238	42	2	0	1242	1283	11969	12010	4.08e-10	67.6
KEIO_KAN	c3b5bf1e-c2b6-489e-9169-8d9a2e877770	96.892	1319	17	14	1	1303	19071	17761	0.0	2187
KEIO_KAN	c3b5bf1e-c2b6-489e-9169-8d9a2e877770	100.000	35	0	0	1242	1276	19052	19018	1.47e-09	65.8
KEIO_KAN	3fe5fecd-c86b-4d6f-919e-69100c031dac	97.090	1306	16	14	1	1302	1100	2387	0.0	2182
KEIO_KAN	eec1f732-701f-436b-8fdf-add6b993edef	96.646	1312	22	10	1	1302	17390	16091	0.0	2159
KEIO_KAN	db7bd2d0-b66f-4797-990f-b8ece72f339d	96.113	1312	29	18	1	1303	981	2279	0.0	2121
KEIO_KAN	db7bd2d0-b66f-4797-990f-b8ece72f339d	97.222	36	0	1	20	54	2215	2250	6.83e-08	60.2
KEIO_KAN	42ee2c81-3fe4-40ed-90c4-df29ebfa56f9	95.942	1306	19	22	1	1302	2519	3794	0.0	2087
KEIO_KAN	ef033c61-6d4b-4271-9ea5-292a5ff233ac	93.736	1325	37	35	1	1303	2301	3601	0.0	1945
KEIO_KAN	94735620-f0c3-4cc6-8ce2-b4e11219e00b	93.570	1322	32	32	1	1302	368	1656	0.0	1921
KEIO_KAN	347d8193-8903-45d2-9c87-ddf49620ff6c	93.415	1306	33	40	4	1302	7798	6539	0.0	1886
KEIO_KAN	00f9682d-3719-4b9b-99e9-7fab58e73510	98.224	1070	14	4	1	1065	1070	1	0.0	1866
KEIO_KAN	afd8cb8b-269f-4ea8-81c3-0cf739591283	92.743	1309	43	44	1	1294	11405	10134	0.0	1844
KEIO_KAN	da5a2948-9261-4ba5-ae29-093a1b678227	93.908	952	24	30	9	938	648	1587	0.0	1406
KEIO_KAN	6faba87d-c453-4065-8c06-3505d9e95006	97.525	606	8	6	702	1303	1	603	0.0	1029
KEIO_KAN	6faba87d-c453-4065-8c06-3505d9e95006	100.000	35	0	0	20	54	542	576	1.47e-09	65.8
KEIO_KAN	c1625f43-5bb2-4a55-9704-44d6779132a5	96.335	382	7	6	922	1302	1	376	6.95e-177	621
KEIO_KAN	3d874f3a-5291-4bb0-93ef-179f4ec0bd2f	97.619	294	2	3	1012	1302	3335	3044	3.40e-140	499
KEIO_KAN	3d874f3a-5291-4bb0-93ef-179f4ec0bd2f	100.000	35	0	0	20	54	3104	3070	1.47e-09	65.8
KEIO_KAN	7bdacf46-6712-45f0-868f-62c12fcc834e	95.417	240	4	7	1066	1303	1	235	5.97e-103	375
KEIO_KAN	0e84a60b-6e54-4fa7-9095-7f4185cb0691	89.754	244	14	7	167	407	256	21	1.03e-80	302
KEIO_KAN	e0fdaaae-6b7c-48de-bf6b-ff1783b3bb4d	95.876	97	2	1	925	1021	1	95	8.47e-37	156
KEIO_KAN	db068f6f-0273-4c36-bb91-c963ae110ebb	97.619	42	1	0	20	61	114	73	8.78e-12	73.1
KEIO_KAN	db068f6f-0273-4c36-bb91-c963ae110ebb	92.000	50	0	4	1230	1278	123	77	4.08e-10	67.6
KEIO_KAN	de5083d8-a2c1-41e5-ba90-6e149f0b6d48	100.000	33	0	0	29	61	244	212	1.90e-08	62.1
KEIO_KAN	c17d1a31-7af3-4c2c-a5e9-816ef997ff86	100.000	29	0	0	948	976	390	362	3.18e-06	54.7
