21b81cbc-dc09-4139-8e83-264c3ca76c40	CP009273.1	97.461	1654	17	18	1	1630	2303883	2305535	0.0	2798
21b81cbc-dc09-4139-8e83-264c3ca76c40	CP009273.1	93.827	81	5	0	1306	1386	2028646	2028566	7.00e-28	122
21b81cbc-dc09-4139-8e83-264c3ca76c40	CP009273.1	89.394	66	7	0	1314	1379	981424	981489	3.30e-16	84.2
c3b5bf1e-c2b6-489e-9169-8d9a2e877770	CP009273.1	97.641	15515	137	166	1	15382	579866	595284	0.0	26411
c3b5bf1e-c2b6-489e-9169-8d9a2e877770	CP009273.1	93.388	121	3	2	12538	12654	798776	798895	1.82e-42	174
c3b5bf1e-c2b6-489e-9169-8d9a2e877770	CP009273.1	93.277	119	3	2	12540	12654	3064630	3064747	2.36e-41	171
c3b5bf1e-c2b6-489e-9169-8d9a2e877770	CP009273.1	90.756	119	6	2	12540	12654	249952	249835	2.37e-36	154
c3b5bf1e-c2b6-489e-9169-8d9a2e877770	CP009273.1	89.076	119	8	2	12540	12654	433606	433723	5.14e-33	143
c3b5bf1e-c2b6-489e-9169-8d9a2e877770	CP009273.1	98.000	50	1	0	1629	1678	560208	560257	2.44e-16	87.9
6faba87d-c453-4065-8c06-3505d9e95006	CP009273.1	99.073	5503	20	23	1	5488	579139	573653	0.0	9851
6faba87d-c453-4065-8c06-3505d9e95006	CP009273.1	95.492	1087	36	11	2324	3404	1630096	1631175	0.0	1724
6faba87d-c453-4065-8c06-3505d9e95006	CP009273.1	93.602	422	22	3	1608	2029	1628580	1628996	1.49e-178	625
6faba87d-c453-4065-8c06-3505d9e95006	CP009273.1	93.365	422	23	3	1608	2029	1427230	1426814	6.93e-177	619
6faba87d-c453-4065-8c06-3505d9e95006	CP009273.1	98.007	301	5	1	5188	5488	1417826	1417527	2.01e-147	521
6faba87d-c453-4065-8c06-3505d9e95006	CP009273.1	84.314	510	75	4	4013	4519	1631226	1631733	4.38e-139	494
6faba87d-c453-4065-8c06-3505d9e95006	CP009273.1	87.500	144	16	2	563	705	577530	577388	3.90e-40	165
6faba87d-c453-4065-8c06-3505d9e95006	CP009273.1	87.413	143	18	0	1609	1751	578577	578435	3.90e-40	165
eec1f732-701f-436b-8fdf-add6b993edef	CP009273.1	97.598	12614	137	122	1	12502	2302840	2290281	0.0	21462
eec1f732-701f-436b-8fdf-add6b993edef	CP009273.1	95.035	564	26	2	4280	4842	2298431	2297869	0.0	885
eec1f732-701f-436b-8fdf-add6b993edef	CP009273.1	93.972	564	28	6	4393	4951	2298544	2297982	0.0	848
eec1f732-701f-436b-8fdf-add6b993edef	CP009273.1	94.013	451	25	2	4280	4729	2298318	2297869	0.0	682
eec1f732-701f-436b-8fdf-add6b993edef	CP009273.1	93.348	451	24	6	4506	4951	2298544	2298095	0.0	662
eec1f732-701f-436b-8fdf-add6b993edef	CP009273.1	92.285	337	22	4	4619	4951	2298544	2298208	3.62e-133	475
eec1f732-701f-436b-8fdf-add6b993edef	CP009273.1	92.012	338	25	2	4280	4616	2298205	2297869	1.30e-132	473
eec1f732-701f-436b-8fdf-add6b993edef	CP009273.1	91.071	224	20	0	4280	4503	2298092	2297869	1.81e-81	303
eec1f732-701f-436b-8fdf-add6b993edef	CP009273.1	89.732	224	19	4	4732	4951	2298544	2298321	2.36e-75	283
eec1f732-701f-436b-8fdf-add6b993edef	CP009273.1	84.685	111	13	4	4845	4951	2298544	2298434	1.52e-22	108
eec1f732-701f-436b-8fdf-add6b993edef	CP009273.1	79.470	151	19	8	4612	4762	244771	244633	3.30e-19	97.1
eec1f732-701f-436b-8fdf-add6b993edef	CP009273.1	86.517	89	5	5	4614	4702	107998	107917	1.53e-17	91.6
eec1f732-701f-436b-8fdf-add6b993edef	CP009273.1	85.417	96	5	6	4668	4763	2424407	2424493	1.53e-17	91.6
eec1f732-701f-436b-8fdf-add6b993edef	CP009273.1	74.621	264	37	14	4612	4875	4020914	4020681	5.51e-17	89.8
eec1f732-701f-436b-8fdf-add6b993edef	CP009273.1	75.610	205	32	12	4671	4875	244819	244633	7.13e-16	86.1
eec1f732-701f-436b-8fdf-add6b993edef	CP009273.1	84.375	96	6	6	4555	4650	2424407	2424493	7.13e-16	86.1
eec1f732-701f-436b-8fdf-add6b993edef	CP009273.1	75.701	214	27	10	4613	4815	108116	107917	2.57e-15	84.2
eec1f732-701f-436b-8fdf-add6b993edef	CP009273.1	83.333	90	9	4	4613	4702	244028	243945	1.19e-13	78.7
eec1f732-701f-436b-8fdf-add6b993edef	CP009273.1	78.808	151	7	15	4612	4762	2340682	2340807	1.19e-13	78.7
eec1f732-701f-436b-8fdf-add6b993edef	CP009273.1	80.531	113	12	7	4765	4876	2424390	2424493	1.19e-13	78.7
eec1f732-701f-436b-8fdf-add6b993edef	CP009273.1	77.483	151	19	7	4725	4875	4020914	4020779	4.29e-13	76.8
eec1f732-701f-436b-8fdf-add6b993edef	CP009273.1	81.915	94	11	4	4612	4705	3035835	3035748	1.54e-12	75.0
eec1f732-701f-436b-8fdf-add6b993edef	CP009273.1	82.418	91	9	3	4612	4702	212625	212542	5.55e-12	73.1
eec1f732-701f-436b-8fdf-add6b993edef	CP009273.1	78.146	151	8	8	4725	4875	2340682	2340807	5.55e-12	73.1
eec1f732-701f-436b-8fdf-add6b993edef	CP009273.1	81.720	93	11	2	4386	4478	4020914	4020828	5.55e-12	73.1
eec1f732-701f-436b-8fdf-add6b993edef	CP009273.1	100.000	38	0	0	4612	4649	2340770	2340807	2.00e-11	71.3
eec1f732-701f-436b-8fdf-add6b993edef	CP009273.1	100.000	38	0	0	4838	4875	3035835	3035798	2.00e-11	71.3
eec1f732-701f-436b-8fdf-add6b993edef	CP009273.1	100.000	38	0	0	4725	4762	3035835	3035798	2.00e-11	71.3
eec1f732-701f-436b-8fdf-add6b993edef	CP009273.1	100.000	38	0	0	4838	4875	4020914	4020877	2.00e-11	71.3
eec1f732-701f-436b-8fdf-add6b993edef	CP009273.1	100.000	37	0	0	4838	4874	2340682	2340718	7.18e-11	69.4
eec1f732-701f-436b-8fdf-add6b993edef	CP009273.1	80.851	94	12	4	4386	4479	3035835	3035748	7.18e-11	69.4
eec1f732-701f-436b-8fdf-add6b993edef	CP009273.1	100.000	36	0	0	4839	4874	5600	5565	2.58e-10	67.6
eec1f732-701f-436b-8fdf-add6b993edef	CP009273.1	100.000	36	0	0	4726	4761	5600	5565	2.58e-10	67.6
eec1f732-701f-436b-8fdf-add6b993edef	CP009273.1	100.000	36	0	0	4613	4648	5600	5565	2.58e-10	67.6
eec1f732-701f-436b-8fdf-add6b993edef	CP009273.1	100.000	36	0	0	4840	4875	107998	107963	2.58e-10	67.6
eec1f732-701f-436b-8fdf-add6b993edef	CP009273.1	97.368	38	1	0	4838	4875	244771	244734	9.29e-10	65.8
eec1f732-701f-436b-8fdf-add6b993edef	CP009273.1	80.435	92	12	3	4725	4816	496984	496899	9.29e-10	65.8
eec1f732-701f-436b-8fdf-add6b993edef	CP009273.1	80.435	92	12	4	4612	4703	496984	496899	9.29e-10	65.8
eec1f732-701f-436b-8fdf-add6b993edef	CP009273.1	97.368	38	1	0	4838	4875	496984	496947	9.29e-10	65.8
eec1f732-701f-436b-8fdf-add6b993edef	CP009273.1	80.435	92	13	4	4725	4815	896292	896205	9.29e-10	65.8
eec1f732-701f-436b-8fdf-add6b993edef	CP009273.1	80.435	92	13	4	4612	4702	896292	896205	9.29e-10	65.8
eec1f732-701f-436b-8fdf-add6b993edef	CP009273.1	97.368	38	1	0	4386	4423	2340770	2340807	9.29e-10	65.8
eec1f732-701f-436b-8fdf-add6b993edef	CP009273.1	97.368	38	1	0	4838	4875	2801574	2801537	9.29e-10	65.8
eec1f732-701f-436b-8fdf-add6b993edef	CP009273.1	97.368	38	1	0	4725	4762	2801574	2801537	9.29e-10	65.8
eec1f732-701f-436b-8fdf-add6b993edef	CP009273.1	97.368	38	1	0	4612	4649	2801574	2801537	9.29e-10	65.8
eec1f732-701f-436b-8fdf-add6b993edef	CP009273.1	97.297	37	1	0	4838	4874	212625	212589	3.34e-09	63.9
eec1f732-701f-436b-8fdf-add6b993edef	CP009273.1	97.297	37	1	0	4725	4761	212625	212589	3.34e-09	63.9
eec1f732-701f-436b-8fdf-add6b993edef	CP009273.1	97.297	37	1	0	4839	4875	244028	243992	3.34e-09	63.9
eec1f732-701f-436b-8fdf-add6b993edef	CP009273.1	97.297	37	1	0	4726	4762	244028	243992	3.34e-09	63.9
eec1f732-701f-436b-8fdf-add6b993edef	CP009273.1	97.297	37	1	0	4386	4422	2340682	2340718	3.34e-09	63.9
eec1f732-701f-436b-8fdf-add6b993edef	CP009273.1	100.000	33	0	0	4392	4424	3306616	3306648	1.20e-08	62.1
eec1f732-701f-436b-8fdf-add6b993edef	CP009273.1	91.111	45	4	0	4606	4650	4478315	4478359	1.20e-08	62.1
eec1f732-701f-436b-8fdf-add6b993edef	CP009273.1	91.111	45	4	0	4719	4763	4478315	4478359	1.20e-08	62.1
eec1f732-701f-436b-8fdf-add6b993edef	CP009273.1	91.111	45	4	0	4832	4876	4478315	4478359	1.20e-08	62.1
eec1f732-701f-436b-8fdf-add6b993edef	CP009273.1	94.737	38	2	0	4838	4875	896292	896255	4.32e-08	60.2
eec1f732-701f-436b-8fdf-add6b993edef	CP009273.1	100.000	29	0	0	4846	4874	3035708	3035680	2.01e-06	54.7
eec1f732-701f-436b-8fdf-add6b993edef	CP009273.1	100.000	29	0	0	4733	4761	3035708	3035680	2.01e-06	54.7
eec1f732-701f-436b-8fdf-add6b993edef	CP009273.1	100.000	29	0	0	4620	4648	3035708	3035680	2.01e-06	54.7
afd8cb8b-269f-4ea8-81c3-0cf739591283	CP009273.1	94.695	3525	96	74	1	3466	4327005	4323513	0.0	5389
3fe5fecd-c86b-4d6f-919e-69100c031dac	CP009273.1	97.433	6662	85	71	1	6605	2303883	2310515	0.0	11276
3fe5fecd-c86b-4d6f-919e-69100c031dac	CP009273.1	93.750	80	5	0	1315	1394	2028646	2028567	1.03e-26	121
3fe5fecd-c86b-4d6f-919e-69100c031dac	CP009273.1	90.000	90	9	0	6402	6491	2310427	2310516	1.33e-25	117
3fe5fecd-c86b-4d6f-919e-69100c031dac	CP009273.1	88.372	86	9	1	6401	6485	370638	370723	3.74e-21	102
3fe5fecd-c86b-4d6f-919e-69100c031dac	CP009273.1	84.848	99	14	1	6401	6498	4020914	4020816	4.83e-20	99.0
3fe5fecd-c86b-4d6f-919e-69100c031dac	CP009273.1	83.838	99	15	1	6401	6498	4020816	4020718	2.25e-18	93.5
3fe5fecd-c86b-4d6f-919e-69100c031dac	CP009273.1	86.047	86	10	2	6401	6485	4315718	4315802	8.09e-18	91.6
3fe5fecd-c86b-4d6f-919e-69100c031dac	CP009273.1	86.047	86	10	2	6401	6485	4315818	4315902	8.09e-18	91.6
3fe5fecd-c86b-4d6f-919e-69100c031dac	CP009273.1	86.047	86	10	2	6401	6485	4315918	4316002	8.09e-18	91.6
3fe5fecd-c86b-4d6f-919e-69100c031dac	CP009273.1	86.047	86	10	2	6401	6485	4316018	4316102	8.09e-18	91.6
3fe5fecd-c86b-4d6f-919e-69100c031dac	CP009273.1	84.615	91	11	3	6401	6489	504223	504134	1.05e-16	87.9
3fe5fecd-c86b-4d6f-919e-69100c031dac	CP009273.1	84.706	85	11	2	6401	6484	212625	212542	1.35e-15	84.2
3fe5fecd-c86b-4d6f-919e-69100c031dac	CP009273.1	89.394	66	7	0	1323	1388	981424	981489	1.35e-15	84.2
3fe5fecd-c86b-4d6f-919e-69100c031dac	CP009273.1	84.146	82	11	2	6405	6485	4315622	4315702	6.30e-14	78.7
3fe5fecd-c86b-4d6f-919e-69100c031dac	CP009273.1	100.000	40	0	0	6449	6488	25797	25758	8.14e-13	75.0
3fe5fecd-c86b-4d6f-919e-69100c031dac	CP009273.1	94.118	51	0	3	6436	6484	2828523	2828474	8.14e-13	75.0
3fe5fecd-c86b-4d6f-919e-69100c031dac	CP009273.1	83.146	89	8	2	6401	6489	4275307	4275226	8.14e-13	75.0
3fe5fecd-c86b-4d6f-919e-69100c031dac	CP009273.1	97.561	41	1	0	6449	6489	801439	801399	1.05e-11	71.3
3fe5fecd-c86b-4d6f-919e-69100c031dac	CP009273.1	82.558	86	9	2	6401	6486	833040	833119	1.05e-11	71.3
3fe5fecd-c86b-4d6f-919e-69100c031dac	CP009273.1	100.000	38	0	0	6447	6484	3977576	3977613	1.05e-11	71.3
3fe5fecd-c86b-4d6f-919e-69100c031dac	CP009273.1	97.500	40	1	0	6450	6489	504274	504235	3.79e-11	69.4
3fe5fecd-c86b-4d6f-919e-69100c031dac	CP009273.1	95.455	44	1	1	6442	6485	2333881	2333839	3.79e-11	69.4
3fe5fecd-c86b-4d6f-919e-69100c031dac	CP009273.1	88.333	60	3	4	6450	6507	2648426	2648369	3.79e-11	69.4
3fe5fecd-c86b-4d6f-919e-69100c031dac	CP009273.1	97.500	40	0	1	6449	6487	546968	546929	1.36e-10	67.6
3fe5fecd-c86b-4d6f-919e-69100c031dac	CP009273.1	100.000	36	0	0	6449	6484	1130141	1130106	1.36e-10	67.6
3fe5fecd-c86b-4d6f-919e-69100c031dac	CP009273.1	100.000	36	0	0	6449	6484	1995447	1995482	1.36e-10	67.6
3fe5fecd-c86b-4d6f-919e-69100c031dac	CP009273.1	100.000	36	0	0	6450	6485	2340638	2340673	1.36e-10	67.6
3fe5fecd-c86b-4d6f-919e-69100c031dac	CP009273.1	97.500	40	0	1	6450	6489	3228083	3228045	1.36e-10	67.6
3fe5fecd-c86b-4d6f-919e-69100c031dac	CP009273.1	78.846	104	19	3	6402	6503	4046973	4046871	1.36e-10	67.6
3fe5fecd-c86b-4d6f-919e-69100c031dac	CP009273.1	97.436	39	1	0	6450	6488	4056954	4056916	1.36e-10	67.6
3fe5fecd-c86b-4d6f-919e-69100c031dac	CP009273.1	100.000	35	0	0	6450	6484	827843	827809	4.90e-10	65.8
3fe5fecd-c86b-4d6f-919e-69100c031dac	CP009273.1	100.000	35	0	0	6450	6484	895151	895185	4.90e-10	65.8
3fe5fecd-c86b-4d6f-919e-69100c031dac	CP009273.1	100.000	35	0	0	6450	6484	1063908	1063874	4.90e-10	65.8
3fe5fecd-c86b-4d6f-919e-69100c031dac	CP009273.1	100.000	35	0	0	6450	6484	2531893	2531927	4.90e-10	65.8
3fe5fecd-c86b-4d6f-919e-69100c031dac	CP009273.1	100.000	35	0	0	6450	6484	3323818	3323852	4.90e-10	65.8
3fe5fecd-c86b-4d6f-919e-69100c031dac	CP009273.1	100.000	35	0	0	6450	6484	3591856	3591822	4.90e-10	65.8
3fe5fecd-c86b-4d6f-919e-69100c031dac	CP009273.1	97.368	38	1	0	6451	6488	3667741	3667778	4.90e-10	65.8
3fe5fecd-c86b-4d6f-919e-69100c031dac	CP009273.1	95.238	42	1	1	6448	6489	4208498	4208458	4.90e-10	65.8
3fe5fecd-c86b-4d6f-919e-69100c031dac	CP009273.1	97.436	39	0	1	6450	6488	4239374	4239337	4.90e-10	65.8
3fe5fecd-c86b-4d6f-919e-69100c031dac	CP009273.1	100.000	35	0	0	6450	6484	4307817	4307783	4.90e-10	65.8
3fe5fecd-c86b-4d6f-919e-69100c031dac	CP009273.1	100.000	35	0	0	6450	6484	4363113	4363079	4.90e-10	65.8
3fe5fecd-c86b-4d6f-919e-69100c031dac	CP009273.1	97.436	39	0	1	6450	6488	4450316	4450279	4.90e-10	65.8
3fe5fecd-c86b-4d6f-919e-69100c031dac	CP009273.1	80.952	84	13	3	6401	6482	4093434	4093516	1.76e-09	63.9
3fe5fecd-c86b-4d6f-919e-69100c031dac	CP009273.1	95.000	40	1	1	6449	6488	1529138	1529176	6.34e-09	62.1
3fe5fecd-c86b-4d6f-919e-69100c031dac	CP009273.1	97.222	36	1	0	6450	6485	3385617	3385652	6.34e-09	62.1
3fe5fecd-c86b-4d6f-919e-69100c031dac	CP009273.1	79.762	84	16	1	6402	6484	244028	243945	2.28e-08	60.2
3fe5fecd-c86b-4d6f-919e-69100c031dac	CP009273.1	97.143	35	1	0	6450	6484	1685779	1685745	2.28e-08	60.2
3fe5fecd-c86b-4d6f-919e-69100c031dac	CP009273.1	97.222	36	0	1	6449	6484	3196501	3196535	2.28e-08	60.2
3fe5fecd-c86b-4d6f-919e-69100c031dac	CP009273.1	97.143	35	1	0	6450	6484	3734422	3734388	2.28e-08	60.2
db7bd2d0-b66f-4797-990f-b8ece72f339d	CP009273.1	98.337	481	2	6	1296	1773	579143	578666	0.0	839
347d8193-8903-45d2-9c87-ddf49620ff6c	CP009273.1	95.725	2573	55	41	4	2539	2302840	2300286	0.0	4091
94735620-f0c3-4cc6-8ce2-b4e11219e00b	CP009273.1	95.430	372	8	4	1289	1659	2303883	2304246	7.57e-167	584
ef033c61-6d4b-4271-9ea5-292a5ff233ac	CP009273.1	97.390	1609	14	19	1	1595	4327744	4329338	0.0	2713
3ce403af-2aca-44f3-9748-79313c43c221	CP009273.1	98.626	3130	27	14	1	3125	2303883	2307001	0.0	5528
3ce403af-2aca-44f3-9748-79313c43c221	CP009273.1	93.827	81	5	0	1323	1403	2028646	2028566	1.35e-27	122
3ce403af-2aca-44f3-9748-79313c43c221	CP009273.1	89.394	66	7	0	1331	1396	981424	981489	6.38e-16	84.2
2aba3c2f-4bb1-4451-93df-c01dff86bb3c	CP009273.1	94.030	9514	282	217	7516	16857	571546	562147	0.0	14159
2aba3c2f-4bb1-4451-93df-c01dff86bb3c	CP009273.1	94.205	7834	218	179	16985	24696	561982	554263	0.0	11734
2aba3c2f-4bb1-4451-93df-c01dff86bb3c	CP009273.1	89.044	6873	365	289	1	6612	579139	572394	0.0	8163
2aba3c2f-4bb1-4451-93df-c01dff86bb3c	CP009273.1	95.618	1278	27	21	15521	16777	387159	388428	0.0	2023
2aba3c2f-4bb1-4451-93df-c01dff86bb3c	CP009273.1	95.662	1268	26	21	15526	16772	1089700	1090959	0.0	2010
2aba3c2f-4bb1-4451-93df-c01dff86bb3c	CP009273.1	95.662	1268	26	21	15527	16773	2164909	2163650	0.0	2010
2aba3c2f-4bb1-4451-93df-c01dff86bb3c	CP009273.1	95.790	1259	24	21	15527	16764	312194	310944	0.0	2004
2aba3c2f-4bb1-4451-93df-c01dff86bb3c	CP009273.1	92.626	1234	41	42	7801	9000	3646608	3645391	0.0	1729
2aba3c2f-4bb1-4451-93df-c01dff86bb3c	CP009273.1	92.863	1219	40	39	7813	8999	3360114	3358911	0.0	1725
2aba3c2f-4bb1-4451-93df-c01dff86bb3c	CP009273.1	92.735	1225	40	41	7814	9004	684505	683296	0.0	1724
2aba3c2f-4bb1-4451-93df-c01dff86bb3c	CP009273.1	92.857	1218	40	39	7814	8999	1390297	1391499	0.0	1724
2aba3c2f-4bb1-4451-93df-c01dff86bb3c	CP009273.1	92.857	1218	40	39	7815	9000	3123502	3124704	0.0	1724
2aba3c2f-4bb1-4451-93df-c01dff86bb3c	CP009273.1	92.904	1212	40	38	7815	8994	2096427	2095230	0.0	1720
2aba3c2f-4bb1-4451-93df-c01dff86bb3c	CP009273.1	92.887	1209	40	38	7818	8994	270860	269666	0.0	1714
2aba3c2f-4bb1-4451-93df-c01dff86bb3c	CP009273.1	92.887	1209	40	38	7818	8994	2283592	2282398	0.0	1714
2aba3c2f-4bb1-4451-93df-c01dff86bb3c	CP009273.1	92.504	1214	45	38	7814	8995	2060838	2059639	0.0	1696
2aba3c2f-4bb1-4451-93df-c01dff86bb3c	CP009273.1	85.255	1214	126	45	7818	8995	1423051	1421855	0.0	1201
2aba3c2f-4bb1-4451-93df-c01dff86bb3c	CP009273.1	81.633	1029	103	62	2314	3272	1630097	1631109	0.0	774
2aba3c2f-4bb1-4451-93df-c01dff86bb3c	CP009273.1	90.270	370	28	5	5058	5419	1417826	1417457	1.99e-133	477
2aba3c2f-4bb1-4451-93df-c01dff86bb3c	CP009273.1	85.814	430	35	18	1601	2017	1427230	1426814	4.37e-120	433
2aba3c2f-4bb1-4451-93df-c01dff86bb3c	CP009273.1	85.814	430	35	18	1601	2017	1628580	1628996	4.37e-120	433
2aba3c2f-4bb1-4451-93df-c01dff86bb3c	CP009273.1	95.455	44	0	1	18709	18752	581559	581518	1.42e-10	69.4
1115356b-2d63-4551-97cc-ec6a5515d36e	CP009273.1	98.118	4570	34	30	1	4526	4327005	4322444	0.0	7915
c1625f43-5bb2-4a55-9704-44d6779132a5	CP009273.1	95.596	772	13	12	1	752	2303883	2304653	0.0	1218
42ee2c81-3fe4-40ed-90c4-df29ebfa56f9	CP009273.1	94.842	8123	171	174	1	7950	2303883	2311930	0.0	12451
42ee2c81-3fe4-40ed-90c4-df29ebfa56f9	CP009273.1	93.827	81	5	0	1308	1388	2028646	2028566	3.45e-27	122
42ee2c81-3fe4-40ed-90c4-df29ebfa56f9	CP009273.1	89.394	66	7	0	1316	1381	981424	981489	1.63e-15	84.2
42ee2c81-3fe4-40ed-90c4-df29ebfa56f9	CP009273.1	82.143	84	11	3	6460	6542	833041	833121	4.56e-11	69.4
42ee2c81-3fe4-40ed-90c4-df29ebfa56f9	CP009273.1	100.000	31	0	0	6460	6490	4539600	4539630	9.88e-08	58.4
00f9682d-3719-4b9b-99e9-7fab58e73510	CP009273.1	100.000	72	0	0	1	72	4327005	4326934	1.07e-32	134
