21b81cbc-dc09-4139-8e83-264c3ca76c40	CP009273.1	99.428	1748	4	6	1	1744	2301096	2302841	0.0	3168
c3b5bf1e-c2b6-489e-9169-8d9a2e877770	CP009273.1	97.942	17884	151	159	8	17759	561341	579139	0.0	30786
c3b5bf1e-c2b6-489e-9169-8d9a2e877770	CP009273.1	97.658	1281	9	19	894	2164	388428	387159	0.0	2180
c3b5bf1e-c2b6-489e-9169-8d9a2e877770	CP009273.1	97.718	1271	8	19	899	2159	1090959	1089700	0.0	2167
c3b5bf1e-c2b6-489e-9169-8d9a2e877770	CP009273.1	97.718	1271	8	19	898	2158	2163650	2164909	0.0	2167
c3b5bf1e-c2b6-489e-9169-8d9a2e877770	CP009273.1	97.709	1266	8	19	903	2158	310940	312194	0.0	2158
c3b5bf1e-c2b6-489e-9169-8d9a2e877770	CP009273.1	97.224	1225	11	15	8693	9901	3645391	3646608	0.0	2052
c3b5bf1e-c2b6-489e-9169-8d9a2e877770	CP009273.1	97.521	1210	10	12	8694	9889	3358911	3360114	0.0	2050
c3b5bf1e-c2b6-489e-9169-8d9a2e877770	CP009273.1	97.368	1216	10	14	8689	9888	683296	684505	0.0	2049
c3b5bf1e-c2b6-489e-9169-8d9a2e877770	CP009273.1	97.519	1209	10	12	8694	9888	1391499	1390297	0.0	2049
c3b5bf1e-c2b6-489e-9169-8d9a2e877770	CP009273.1	97.519	1209	10	12	8693	9887	3124704	3123502	0.0	2049
c3b5bf1e-c2b6-489e-9169-8d9a2e877770	CP009273.1	97.434	1208	11	12	8694	9887	2095226	2096427	0.0	2041
c3b5bf1e-c2b6-489e-9169-8d9a2e877770	CP009273.1	97.427	1205	11	12	8694	9884	269662	270860	0.0	2036
c3b5bf1e-c2b6-489e-9169-8d9a2e877770	CP009273.1	97.425	1204	11	12	8695	9884	2282395	2283592	0.0	2034
c3b5bf1e-c2b6-489e-9169-8d9a2e877770	CP009273.1	97.020	1208	16	12	8695	9888	2059637	2060838	0.0	2013
c3b5bf1e-c2b6-489e-9169-8d9a2e877770	CP009273.1	94.031	1089	42	17	14386	15460	1631175	1630096	0.0	1629
c3b5bf1e-c2b6-489e-9169-8d9a2e877770	CP009273.1	89.644	1207	98	20	8696	9884	1421854	1423051	0.0	1511
c3b5bf1e-c2b6-489e-9169-8d9a2e877770	CP009273.1	96.448	366	12	1	12235	12599	1417461	1417826	2.26e-171	603
c3b5bf1e-c2b6-489e-9169-8d9a2e877770	CP009273.1	90.307	423	26	10	15756	16166	1628996	1628577	1.80e-152	540
c3b5bf1e-c2b6-489e-9169-8d9a2e877770	CP009273.1	90.071	423	27	10	15756	16166	1426814	1427233	8.38e-151	534
c3b5bf1e-c2b6-489e-9169-8d9a2e877770	CP009273.1	82.171	516	79	10	13268	13778	1631733	1631226	1.13e-119	431
c3b5bf1e-c2b6-489e-9169-8d9a2e877770	CP009273.1	86.111	144	15	3	17058	17197	577388	577530	3.55e-35	150
eec1f732-701f-436b-8fdf-add6b993edef	CP009273.1	97.218	16284	166	193	10	16089	2320083	2303883	0.0	27296
eec1f732-701f-436b-8fdf-add6b993edef	CP009273.1	79.602	201	22	10	9494	9690	370723	370538	5.41e-28	126
eec1f732-701f-436b-8fdf-add6b993edef	CP009273.1	79.500	200	21	4	9494	9690	4020731	4020913	1.95e-27	124
eec1f732-701f-436b-8fdf-add6b993edef	CP009273.1	79.397	199	24	9	9494	9690	4316002	4315819	1.95e-27	124
eec1f732-701f-436b-8fdf-add6b993edef	CP009273.1	91.111	90	8	0	9488	9577	2310402	2310313	7.00e-27	122
eec1f732-701f-436b-8fdf-add6b993edef	CP009273.1	78.713	202	24	9	9493	9690	504036	504222	3.26e-25	117
eec1f732-701f-436b-8fdf-add6b993edef	CP009273.1	92.593	81	6	0	14718	14798	2028566	2028646	3.26e-25	117
eec1f732-701f-436b-8fdf-add6b993edef	CP009273.1	90.000	90	8	1	9602	9690	2310516	2310427	1.17e-24	115
eec1f732-701f-436b-8fdf-add6b993edef	CP009273.1	78.392	199	26	8	9494	9690	4315902	4315719	4.21e-24	113
eec1f732-701f-436b-8fdf-add6b993edef	CP009273.1	77.889	199	27	9	9494	9690	4316102	4315919	1.96e-22	108
eec1f732-701f-436b-8fdf-add6b993edef	CP009273.1	89.412	85	8	1	9494	9577	4020829	4020913	7.05e-22	106
eec1f732-701f-436b-8fdf-add6b993edef	CP009273.1	80.921	152	12	9	9494	9643	504138	504274	2.54e-21	104
eec1f732-701f-436b-8fdf-add6b993edef	CP009273.1	77.500	200	24	9	9495	9690	370821	370639	3.28e-20	100
eec1f732-701f-436b-8fdf-add6b993edef	CP009273.1	84.694	98	13	2	9595	9690	4020718	4020815	4.24e-19	97.1
eec1f732-701f-436b-8fdf-add6b993edef	CP009273.1	77.041	196	28	9	9494	9687	4315802	4315622	4.24e-19	97.1
eec1f732-701f-436b-8fdf-add6b993edef	CP009273.1	87.356	87	5	2	9491	9577	833121	833041	1.53e-18	95.3
eec1f732-701f-436b-8fdf-add6b993edef	CP009273.1	87.805	82	8	2	9494	9574	4315702	4315622	1.53e-18	95.3
eec1f732-701f-436b-8fdf-add6b993edef	CP009273.1	86.207	87	10	2	9492	9577	212539	212624	5.49e-18	93.5
eec1f732-701f-436b-8fdf-add6b993edef	CP009273.1	86.207	87	11	1	9492	9577	243942	244028	5.49e-18	93.5
eec1f732-701f-436b-8fdf-add6b993edef	CP009273.1	76.705	176	36	3	14616	14790	981595	981424	5.49e-18	93.5
eec1f732-701f-436b-8fdf-add6b993edef	CP009273.1	86.905	84	10	1	9495	9577	4208364	4208447	5.49e-18	93.5
eec1f732-701f-436b-8fdf-add6b993edef	CP009273.1	87.952	83	4	4	9495	9577	4275230	4275306	5.49e-18	93.5
eec1f732-701f-436b-8fdf-add6b993edef	CP009273.1	86.905	84	10	1	9608	9690	4316102	4316019	5.49e-18	93.5
eec1f732-701f-436b-8fdf-add6b993edef	CP009273.1	86.747	83	10	1	9609	9690	212542	212624	1.97e-17	91.6
eec1f732-701f-436b-8fdf-add6b993edef	CP009273.1	88.462	78	6	3	9502	9577	4093511	4093435	1.97e-17	91.6
eec1f732-701f-436b-8fdf-add6b993edef	CP009273.1	85.057	87	7	3	9604	9690	4275226	4275306	3.30e-15	84.2
eec1f732-701f-436b-8fdf-add6b993edef	CP009273.1	96.000	50	0	2	9609	9656	2828474	2828523	4.27e-14	80.5
eec1f732-701f-436b-8fdf-add6b993edef	CP009273.1	84.524	84	8	1	9607	9690	833119	833041	1.54e-13	78.7
eec1f732-701f-436b-8fdf-add6b993edef	CP009273.1	84.524	84	6	3	9494	9577	3385652	3385576	5.53e-13	76.8
eec1f732-701f-436b-8fdf-add6b993edef	CP009273.1	100.000	40	0	0	9605	9644	25758	25797	1.99e-12	75.0
eec1f732-701f-436b-8fdf-add6b993edef	CP009273.1	83.146	89	8	5	9490	9577	3196633	3196551	1.99e-12	75.0
eec1f732-701f-436b-8fdf-add6b993edef	CP009273.1	80.180	111	13	5	9541	9645	3977684	3977577	1.99e-12	75.0
eec1f732-701f-436b-8fdf-add6b993edef	CP009273.1	82.353	85	13	1	9609	9691	243945	244029	7.15e-12	73.1
eec1f732-701f-436b-8fdf-add6b993edef	CP009273.1	82.927	82	12	2	9611	9690	4093516	4093435	7.15e-12	73.1
eec1f732-701f-436b-8fdf-add6b993edef	CP009273.1	97.561	41	1	0	9604	9644	801399	801439	2.57e-11	71.3
eec1f732-701f-436b-8fdf-add6b993edef	CP009273.1	100.000	38	0	0	9540	9577	4539637	4539600	2.57e-11	71.3
eec1f732-701f-436b-8fdf-add6b993edef	CP009273.1	78.626	131	9	9	9517	9644	546854	546968	9.25e-11	69.4
eec1f732-701f-436b-8fdf-add6b993edef	CP009273.1	100.000	37	0	0	9608	9644	2333839	2333875	9.25e-11	69.4
eec1f732-701f-436b-8fdf-add6b993edef	CP009273.1	88.333	60	3	4	9586	9643	2648369	2648426	9.25e-11	69.4
eec1f732-701f-436b-8fdf-add6b993edef	CP009273.1	78.846	104	20	2	9590	9691	4046871	4046974	9.25e-11	69.4
eec1f732-701f-436b-8fdf-add6b993edef	CP009273.1	100.000	36	0	0	9609	9644	1130106	1130141	3.33e-10	67.6
eec1f732-701f-436b-8fdf-add6b993edef	CP009273.1	100.000	36	0	0	9609	9644	1995482	1995447	3.33e-10	67.6
eec1f732-701f-436b-8fdf-add6b993edef	CP009273.1	100.000	36	0	0	9608	9643	2340673	2340638	3.33e-10	67.6
eec1f732-701f-436b-8fdf-add6b993edef	CP009273.1	97.500	40	0	1	9604	9643	3228045	3228083	3.33e-10	67.6
eec1f732-701f-436b-8fdf-add6b993edef	CP009273.1	97.436	39	1	0	9605	9643	4056916	4056954	3.33e-10	67.6
eec1f732-701f-436b-8fdf-add6b993edef	CP009273.1	100.000	35	0	0	9609	9643	827809	827843	1.20e-09	65.8
eec1f732-701f-436b-8fdf-add6b993edef	CP009273.1	100.000	35	0	0	9609	9643	895185	895151	1.20e-09	65.8
eec1f732-701f-436b-8fdf-add6b993edef	CP009273.1	100.000	35	0	0	9609	9643	1063874	1063908	1.20e-09	65.8
eec1f732-701f-436b-8fdf-add6b993edef	CP009273.1	100.000	35	0	0	9609	9643	2531927	2531893	1.20e-09	65.8
eec1f732-701f-436b-8fdf-add6b993edef	CP009273.1	100.000	35	0	0	9609	9643	3323852	3323818	1.20e-09	65.8
eec1f732-701f-436b-8fdf-add6b993edef	CP009273.1	82.143	84	8	3	9494	9577	3385743	3385667	1.20e-09	65.8
eec1f732-701f-436b-8fdf-add6b993edef	CP009273.1	100.000	35	0	0	9609	9643	3591822	3591856	1.20e-09	65.8
eec1f732-701f-436b-8fdf-add6b993edef	CP009273.1	97.368	38	1	0	9605	9642	3667778	3667741	1.20e-09	65.8
eec1f732-701f-436b-8fdf-add6b993edef	CP009273.1	97.436	39	0	1	9605	9643	4239337	4239374	1.20e-09	65.8
eec1f732-701f-436b-8fdf-add6b993edef	CP009273.1	100.000	35	0	0	9609	9643	4307783	4307817	1.20e-09	65.8
eec1f732-701f-436b-8fdf-add6b993edef	CP009273.1	100.000	35	0	0	9609	9643	4363079	4363113	1.20e-09	65.8
eec1f732-701f-436b-8fdf-add6b993edef	CP009273.1	97.436	39	0	1	9605	9643	4450279	4450316	1.20e-09	65.8
eec1f732-701f-436b-8fdf-add6b993edef	CP009273.1	97.297	37	1	0	9493	9529	25760	25796	4.30e-09	63.9
eec1f732-701f-436b-8fdf-add6b993edef	CP009273.1	86.441	59	7	1	9494	9551	504239	504297	4.30e-09	63.9
eec1f732-701f-436b-8fdf-add6b993edef	CP009273.1	95.000	40	2	0	9492	9531	827806	827845	4.30e-09	63.9
eec1f732-701f-436b-8fdf-add6b993edef	CP009273.1	95.122	41	1	1	9494	9533	2340673	2340633	4.30e-09	63.9
eec1f732-701f-436b-8fdf-add6b993edef	CP009273.1	95.000	40	2	0	9491	9530	2648388	2648427	4.30e-09	63.9
eec1f732-701f-436b-8fdf-add6b993edef	CP009273.1	95.000	40	2	0	9491	9530	4363075	4363114	4.30e-09	63.9
eec1f732-701f-436b-8fdf-add6b993edef	CP009273.1	97.297	37	1	0	9495	9531	4450282	4450318	4.30e-09	63.9
eec1f732-701f-436b-8fdf-add6b993edef	CP009273.1	97.222	36	1	0	9494	9529	801403	801438	1.55e-08	62.1
eec1f732-701f-436b-8fdf-add6b993edef	CP009273.1	97.222	36	1	0	9495	9530	895185	895150	1.55e-08	62.1
eec1f732-701f-436b-8fdf-add6b993edef	CP009273.1	94.872	39	2	0	9492	9530	1063871	1063909	1.55e-08	62.1
eec1f732-701f-436b-8fdf-add6b993edef	CP009273.1	95.000	40	1	1	9605	9644	1529176	1529138	1.55e-08	62.1
eec1f732-701f-436b-8fdf-add6b993edef	CP009273.1	97.222	36	1	0	9494	9529	2333839	2333874	1.55e-08	62.1
eec1f732-701f-436b-8fdf-add6b993edef	CP009273.1	97.222	36	1	0	9495	9530	2531927	2531892	1.55e-08	62.1
eec1f732-701f-436b-8fdf-add6b993edef	CP009273.1	97.222	36	1	0	9494	9529	3228048	3228083	1.55e-08	62.1
eec1f732-701f-436b-8fdf-add6b993edef	CP009273.1	97.222	36	1	0	9495	9530	3323852	3323817	1.55e-08	62.1
eec1f732-701f-436b-8fdf-add6b993edef	CP009273.1	93.023	43	2	1	9489	9530	3591815	3591857	1.55e-08	62.1
eec1f732-701f-436b-8fdf-add6b993edef	CP009273.1	94.872	39	2	0	9495	9533	3977613	3977575	1.55e-08	62.1
eec1f732-701f-436b-8fdf-add6b993edef	CP009273.1	97.222	36	1	0	9494	9529	4056919	4056954	1.55e-08	62.1
eec1f732-701f-436b-8fdf-add6b993edef	CP009273.1	97.222	36	1	0	9495	9530	4239340	4239375	1.55e-08	62.1
eec1f732-701f-436b-8fdf-add6b993edef	CP009273.1	94.872	39	2	0	9491	9529	4307779	4307817	1.55e-08	62.1
eec1f732-701f-436b-8fdf-add6b993edef	CP009273.1	92.683	41	3	0	9489	9529	546927	546967	5.57e-08	60.2
eec1f732-701f-436b-8fdf-add6b993edef	CP009273.1	97.143	35	1	0	9495	9529	1130106	1130140	5.57e-08	60.2
eec1f732-701f-436b-8fdf-add6b993edef	CP009273.1	97.143	35	1	0	9609	9643	1685745	1685779	5.57e-08	60.2
eec1f732-701f-436b-8fdf-add6b993edef	CP009273.1	97.143	35	1	0	9495	9529	1995482	1995448	5.57e-08	60.2
eec1f732-701f-436b-8fdf-add6b993edef	CP009273.1	97.143	35	1	0	9495	9529	2828474	2828508	5.57e-08	60.2
eec1f732-701f-436b-8fdf-add6b993edef	CP009273.1	97.143	35	1	0	9609	9643	3734388	3734422	5.57e-08	60.2
eec1f732-701f-436b-8fdf-add6b993edef	CP009273.1	92.308	39	3	0	9492	9530	1685742	1685780	7.20e-07	56.5
eec1f732-701f-436b-8fdf-add6b993edef	CP009273.1	94.444	36	2	0	9495	9530	3585957	3585922	7.20e-07	56.5
eec1f732-701f-436b-8fdf-add6b993edef	CP009273.1	94.444	36	2	0	9493	9528	3667776	3667741	7.20e-07	56.5
eec1f732-701f-436b-8fdf-add6b993edef	CP009273.1	92.500	40	2	1	9494	9532	4208461	4208500	7.20e-07	56.5
eec1f732-701f-436b-8fdf-add6b993edef	CP009273.1	100.000	29	0	0	9501	9529	1529167	1529139	2.59e-06	54.7
eec1f732-701f-436b-8fdf-add6b993edef	CP009273.1	100.000	29	0	0	9501	9529	3196530	3196502	2.59e-06	54.7
afd8cb8b-269f-4ea8-81c3-0cf739591283	CP009273.1	94.223	10316	281	242	1	10121	4337943	4327748	0.0	15457
afd8cb8b-269f-4ea8-81c3-0cf739591283	CP009273.1	76.236	1456	290	47	972	2394	1682454	1681022	0.0	721
3fe5fecd-c86b-4d6f-919e-69100c031dac	CP009273.1	98.190	1105	9	8	2	1099	2301741	2302841	0.0	1919
db7bd2d0-b66f-4797-990f-b8ece72f339d	CP009273.1	97.462	985	16	7	1	980	580845	579865	0.0	1672
347d8193-8903-45d2-9c87-ddf49620ff6c	CP009273.1	94.049	6638	204	143	1	6537	2310430	2303883	0.0	9893
347d8193-8903-45d2-9c87-ddf49620ff6c	CP009273.1	91.111	90	8	0	30	119	2310516	2310427	2.84e-27	122
347d8193-8903-45d2-9c87-ddf49620ff6c	CP009273.1	89.535	86	8	1	36	120	370723	370638	7.95e-23	108
347d8193-8903-45d2-9c87-ddf49620ff6c	CP009273.1	85.859	99	13	1	23	120	4020816	4020914	1.03e-21	104
347d8193-8903-45d2-9c87-ddf49620ff6c	CP009273.1	84.848	99	14	1	23	120	4020718	4020816	4.78e-20	99.0
347d8193-8903-45d2-9c87-ddf49620ff6c	CP009273.1	87.209	86	9	2	36	120	4315802	4315718	1.72e-19	97.1
347d8193-8903-45d2-9c87-ddf49620ff6c	CP009273.1	87.209	86	9	2	36	120	4315902	4315818	1.72e-19	97.1
347d8193-8903-45d2-9c87-ddf49620ff6c	CP009273.1	87.209	86	9	2	36	120	4316002	4315918	1.72e-19	97.1
347d8193-8903-45d2-9c87-ddf49620ff6c	CP009273.1	87.209	86	9	2	36	120	4316102	4316018	1.72e-19	97.1
347d8193-8903-45d2-9c87-ddf49620ff6c	CP009273.1	85.714	91	10	3	32	120	504134	504223	2.23e-18	93.5
347d8193-8903-45d2-9c87-ddf49620ff6c	CP009273.1	85.882	85	10	2	37	120	212542	212625	2.88e-17	89.8
347d8193-8903-45d2-9c87-ddf49620ff6c	CP009273.1	85.366	82	10	2	36	116	4315702	4315622	1.34e-15	84.2
347d8193-8903-45d2-9c87-ddf49620ff6c	CP009273.1	84.270	89	7	2	32	120	4275226	4275307	1.73e-14	80.5
347d8193-8903-45d2-9c87-ddf49620ff6c	CP009273.1	83.721	86	8	2	35	120	833119	833040	2.24e-13	76.8
347d8193-8903-45d2-9c87-ddf49620ff6c	CP009273.1	100.000	40	0	0	33	72	25758	25797	8.06e-13	75.0
347d8193-8903-45d2-9c87-ddf49620ff6c	CP009273.1	94.118	51	0	3	37	85	2828474	2828523	8.06e-13	75.0
347d8193-8903-45d2-9c87-ddf49620ff6c	CP009273.1	97.561	41	1	0	32	72	801399	801439	1.04e-11	71.3
347d8193-8903-45d2-9c87-ddf49620ff6c	CP009273.1	100.000	38	0	0	37	74	3977613	3977576	1.04e-11	71.3
347d8193-8903-45d2-9c87-ddf49620ff6c	CP009273.1	82.353	85	12	3	37	119	4046890	4046973	1.04e-11	71.3
347d8193-8903-45d2-9c87-ddf49620ff6c	CP009273.1	97.500	40	1	0	32	71	504235	504274	3.75e-11	69.4
347d8193-8903-45d2-9c87-ddf49620ff6c	CP009273.1	95.455	44	1	1	36	79	2333839	2333881	3.75e-11	69.4
347d8193-8903-45d2-9c87-ddf49620ff6c	CP009273.1	82.143	84	12	3	39	120	4093516	4093434	3.75e-11	69.4
347d8193-8903-45d2-9c87-ddf49620ff6c	CP009273.1	97.500	40	0	1	34	72	546929	546968	1.35e-10	67.6
347d8193-8903-45d2-9c87-ddf49620ff6c	CP009273.1	100.000	36	0	0	37	72	1130106	1130141	1.35e-10	67.6
347d8193-8903-45d2-9c87-ddf49620ff6c	CP009273.1	100.000	36	0	0	37	72	1995482	1995447	1.35e-10	67.6
347d8193-8903-45d2-9c87-ddf49620ff6c	CP009273.1	100.000	36	0	0	36	71	2340673	2340638	1.35e-10	67.6
347d8193-8903-45d2-9c87-ddf49620ff6c	CP009273.1	97.500	40	0	1	32	71	3228045	3228083	1.35e-10	67.6
347d8193-8903-45d2-9c87-ddf49620ff6c	CP009273.1	97.436	39	1	0	33	71	4056916	4056954	1.35e-10	67.6
347d8193-8903-45d2-9c87-ddf49620ff6c	CP009273.1	80.952	84	15	1	37	119	243945	244028	4.85e-10	65.8
347d8193-8903-45d2-9c87-ddf49620ff6c	CP009273.1	100.000	35	0	0	37	71	827809	827843	4.85e-10	65.8
347d8193-8903-45d2-9c87-ddf49620ff6c	CP009273.1	100.000	35	0	0	37	71	895185	895151	4.85e-10	65.8
347d8193-8903-45d2-9c87-ddf49620ff6c	CP009273.1	100.000	35	0	0	37	71	1063874	1063908	4.85e-10	65.8
347d8193-8903-45d2-9c87-ddf49620ff6c	CP009273.1	100.000	35	0	0	37	71	2531927	2531893	4.85e-10	65.8
347d8193-8903-45d2-9c87-ddf49620ff6c	CP009273.1	100.000	35	0	0	37	71	2648392	2648426	4.85e-10	65.8
347d8193-8903-45d2-9c87-ddf49620ff6c	CP009273.1	100.000	35	0	0	37	71	3323852	3323818	4.85e-10	65.8
347d8193-8903-45d2-9c87-ddf49620ff6c	CP009273.1	100.000	35	0	0	37	71	3591822	3591856	4.85e-10	65.8
347d8193-8903-45d2-9c87-ddf49620ff6c	CP009273.1	97.368	38	1	0	33	70	3667778	3667741	4.85e-10	65.8
347d8193-8903-45d2-9c87-ddf49620ff6c	CP009273.1	95.238	42	1	1	32	73	4208458	4208498	4.85e-10	65.8
347d8193-8903-45d2-9c87-ddf49620ff6c	CP009273.1	97.436	39	0	1	33	71	4239337	4239374	4.85e-10	65.8
347d8193-8903-45d2-9c87-ddf49620ff6c	CP009273.1	100.000	35	0	0	37	71	4307783	4307817	4.85e-10	65.8
347d8193-8903-45d2-9c87-ddf49620ff6c	CP009273.1	100.000	35	0	0	37	71	4363079	4363113	4.85e-10	65.8
347d8193-8903-45d2-9c87-ddf49620ff6c	CP009273.1	97.436	39	0	1	33	71	4450279	4450316	4.85e-10	65.8
347d8193-8903-45d2-9c87-ddf49620ff6c	CP009273.1	95.000	40	1	1	33	72	1529176	1529138	6.28e-09	62.1
347d8193-8903-45d2-9c87-ddf49620ff6c	CP009273.1	97.222	36	1	0	36	71	3385652	3385617	6.28e-09	62.1
347d8193-8903-45d2-9c87-ddf49620ff6c	CP009273.1	97.143	35	1	0	37	71	1685745	1685779	2.26e-08	60.2
347d8193-8903-45d2-9c87-ddf49620ff6c	CP009273.1	97.222	36	0	1	37	72	3196535	3196501	2.26e-08	60.2
347d8193-8903-45d2-9c87-ddf49620ff6c	CP009273.1	97.143	35	1	0	37	71	3734388	3734422	2.26e-08	60.2
94735620-f0c3-4cc6-8ce2-b4e11219e00b	CP009273.1	97.399	346	4	4	23	367	2302500	2302841	7.55e-167	584
ef033c61-6d4b-4271-9ea5-292a5ff233ac	CP009273.1	94.244	2328	75	42	11	2299	4324698	4327005	0.0	3502
3d874f3a-5291-4bb0-93ef-179f4ec0bd2f	CP009273.1	99.247	3054	6	11	1	3042	2306931	2303883	0.0	5496
da5a2948-9261-4ba5-ae29-093a1b678227	CP009273.1	96.395	638	14	9	8	643	2302211	2302841	0.0	1042
3ce403af-2aca-44f3-9748-79313c43c221	CP009273.1	100.000	137	0	0	1	137	2302705	2302841	1.73e-68	254
2aba3c2f-4bb1-4451-93df-c01dff86bb3c	CP009273.1	95.147	12158	289	220	4	11949	591933	579865	0.0	18905
1115356b-2d63-4551-97cc-ec6a5515d36e	CP009273.1	98.141	3980	28	37	9	3954	4331710	4327743	0.0	6898
42ee2c81-3fe4-40ed-90c4-df29ebfa56f9	CP009273.1	98.298	2527	24	16	1	2518	2300325	2302841	0.0	4410
